0000000000000000000000000000000000000000000000000000000000000000000000000000000000000000000000000000000000000000000000000000000000000000000000000000000000011100000000
0000011111111111111111111111111111111111111111110111111111111111111111111111111111111111111111111111111111111111111111111111111111111111110000000000000000000000000000
0000000000000000000000000000000000000000000000000000001100111111001111000001111100000000000000000000000000000000000000000000000000000000000000000000000000000000000000
0000000000000000000000000000000000000000000000000000001100111111001111001001111100000000000000000000000000000000000000000000000000000000000000000000000000000000000000
0000000000000000000000000000000000000000011110000000110000000011000100011000000000011111100000000000000000000000000000000000000000000000000000000000000000000000000000
0000000000000000000000000000000000000000000000000000110000000011000100011000000000011111100000000000000000000000000000000000000000000000000000000000000000000000000000
0000000000000000000000000000000000000001011110100000110000000011000100011000000000011111100000000000000000000000000000000000000000000000000011100000000000000000000000
0000000000000000000000000000011000000000111001110000011000011111100011101100110000000000000000000000000000000000000000000000000000000000110000000011111100000000000000
0000000000111110000000010100000000000001110011100000111100111111000111011001111100000000000000000000000000000110000000000000000000000000110000000000000000011100000000
0000000000000000000001010101000100000000000000000000001100000000000000000000000000000000000000000000000110000110000000000011000000000001110000000000000000000000111111
0000000000000000010101010101000101000000000000000000001100000000000000000000000000000000000000000000000110000110000110000011000000000011110000000000000000000000111111
0000000000000000110101010101010101000000000001100000000000001010100000000000000000000000000000000000111110000110010110000011000000000111110000000010000000000000111111
1111111111111111111111111111111111111111111111111111111111111111111110011111111100111111111111111111111111111111111111110011001111111111110011100111111110000000111111
1111111111111111111111111111111111111111111111111111111111111111111110011111111100111111111111111111111111111111111111110011001111111111110000000111111110000000111111
