0000000000000000000000000000000000000000000000000000000000000000000000000000000000000000000000000000000000000000000000000000000000000000000000000000000000000000000000000000000000000000000000000000000000000000000000000
0000000000000000000000000000000000000000000000000000000000000000000000000000000000000000000000000000000000000000000000000000000000000000000000000000000000000000000000000000000000000000000000000000000000000000000000000
0000000000000000000001000000000000000000000000000000000000000000000000000000000000000000000000000000000000000000000000000000000000000000000000000000000000000000000000000000000000000000000000000000000000000000000000000
0000000000000000000000001000000000000000000000000000000000000000000000000000000000000000000000000000000000000000000000000000000000000000000000000000000000000000000000000000000000000000000000000000000000000000000000000
0000000000000000000000001100000000000000000011111111111111111111111111111100000000000000000000000000000000000000000000000000000000000000000000000000000000000000000000000000000000000000000000000000000000000011000000000
0000000000000000000000011100000000000000000000000000000000000000000000000000000000000000000000000000000000000000000000000000000000000000000000000000000000000000000000000000000000000000000000000000000000000011000000000
0000000000000000000000111100000000000000000000000000000000000000000000000000000000000000000000000000000000000000000000000000000000000000000000000000000000000000000000000000000000000000001000000000000000010011000000000
0000000000000000000000111100000000000000000000000000000000000000000000000000000000000000000000000000000000000000000000010000000000000000000000000000000000000000000000000000000000000000001000000000000000010011000000000
0000000000000000000010111100011110000000000000000000000000000000000000000000011000000000000000000001100000000011000000111000000000000000000000000000000000001100000000000000000000000000111000000000000000010011000000000
0000000000000000001110111100000000000000000000000000000000000000000000000000000000000000000001000000000000000000000000000000010000000000000000000000000000001100000000000000000000000000111000010000000001010011000000000
0000000000000000001110111100000000000000000010000000000000000000000000000000000000000100000000000000000001000000000000000000000000011000000000110000000000001100000110000000000000000001111000000000000011010011000000000
0000000000000000011110111100000000000000000000000000000001000000001001000000000000000000000011010000000000000001000100000101000000011000000100110000000000001100000110000010100000000011111001010000000111010011000000000
1111111111111110111110111111111111110111111110111101011101111110111111111111110011110111111111111111111111111111111111111111111111111111110111110101000000111111111111111111110100011111111111110111111111010011011111111
1111111111111110111110111111111111110111111110111101011101111110111111111111110011110111111111111111111111111111111111111111111111111111110111110101000000111111111111111111110100011111111111110111111111010011011111111
