000000000000000000000000000000000000000000000000000000000000000000000000000000000000000000000000000000000000000000000000000000000000000000000000000000000000000000000000000000000000
000000000000000000000000000000000000000000000000000000000000000000000000000000000000000000000000000000000000000000000000000000000000000000000000000000010000000000000000000000000000
000000000000000000000000000000000000000000000000000000000000000000000000000000000000000000000000000000000000000000000000000000000000000000000000000000000000000000000000010000000000
000000000000000000000000000000000000000000000000000000000000000000000000000000000000000000000000000000000000000000000000000000000000000000000000000000000000000000000000000000000000
000000000000000000000000000111000000000000000000000000000000000000000000000000000011111110000100000000000000000000000000000000000000001111100000000000000000000000000000011000000000
000000000000000000000000000000000000000000000000000000000000000000000000000000000000000000000000000000000000000000000000000000000000000000000000000000000110000000000000111000000000
000000000000000000000000000000000000000000000000000000000000000010000000000000000000000000000000000000000000000000000000000000000000000000000000000000000000001000000001111000000000
000000000000000000000000000000000000000000000000000000000000000000000000000000000000001000000000000000000000000000000000000000000000000001000000000001100000011000000011111000000000
000000000000000000000000000000000000000111100000000000000000001111100000000000000011111110000000000000000000000000000000000000000000001111100000000000000000111000000111111000000000
000000000000000000000000000010000000000000000010000000001000000000000000000011000000000000000110000000000000011000000000000000000000000000000100001000000001111000001111111000000000
000000000000000000010000000000000000100000000000000000000000000000001000000011000000000000000110000000001000011000011000001000001100000000000100000000010011111000011111111000000000
000000000000000000000000001010000000000000001000000001000000000001000000000011000000100000000110000000000000011000111000000000001100000100000100001000000111111000111111111000000000
111111111111111111111111111111111111111111111111111111111111111111111111100111100111111111111111111111111111111111111111111111111111111111111111111111110111111111111111111111111111
111111111111111111111111111111111111111111111111111111111111111111111111100111100111111111111111111111111111111111111111111111111111111111111111111111110111111111111111111111111111
