000000000000000000000000000000000000000000000000000000000000000000000000000000000000000000000000000000000000000000000000000000000000000000000000000000000000000000000000000000000000000000000000000000000
000000000000000000000000000000000000000000000000000000000000000000000000000000000000000000000000000000000000000000000000000000000000000000000000000000000000000000000000000000000000000000000000000000000
000000000000000000000000000000000000000000000000000000000000000000000000000000000000000000000000000000000000000000000000000000000000000000000000000000000000000000000000000000000000000000000000000000000
000000000000000000000111000000000000000000000000000000000000000000000000000000000000001100000000000000000000000000000000000000000000000000000000000000000000010000000000000011000000000000000000000000000
000000000000000000000000000001111110000000000000000000000000000000000000000000000000011100000000000000000000000000000011111111000000000000000000000000000111110000000000000011110000000000000011000000000
000000000000000000000000000000000000000000000000000000000000000000000000000000000000000000000000000000000000000000000000000000000000000000000000000000000000000000000000000000000000000000000111000000000
000000000000000001000000000000000000000000000000000000000000000000000110000000000100000000000000000000000000000000000000000000000000000000000000000000000000000000000000000000000000000000000111000000000
000000000000000000000000000001110000000000000000000000000000000001001110000000000000000001110000000000000000000000000000000000000000000000000000000000000000000000000000000000000000000000110111000000000
000000000000000111100000000001111110000000000011100000000000000001001110000000111110100000000000000000000000000000000011111111000000000000000000000111000000000000000000100000000000000000110111000000000
000000000000000100000000000000000000000000000011100000011000000111001110000000000000000000000000000000000000000000000000000000000100000000000000000000000000000000000000000000000000000000110111000000000
000000000000001100000000000000000000000000000111110000011000000111001110000000000000000000000000000000000001000000011000000000000100000000000110000000000000000000000000000001100000000010110111000000000
000000000000011100000001010000000000000010001111110000011000001111001110000000000000000001100000000000000010000000011000000000000100000011100000000000000001100000000000000001100000000110110111000000000
111111111111111111111111110001111111111111111111111111111111111111001111111111111111111111110000111111111111111111111111111111100111111111111111000000011111111111111111110001100111111110110111111111111
111111111111111111111111110001111111111111111111111111111111111111001111111111111111111111110000111111111111111111111111111111100111111111111111000000011111111111111111110001100111111110110111111111111
