0000000000000000000000000000000000000000000000000000000000000000000000000000000000000000000000000000000000000000000000000000000000000000000000000000000000000000000000000000000000000000000
0000000000000000000000000000000000000000000000000000000000000000000000000000000000000000000000000000000000000000000000000000000000000000000000000000000000000000000000000000000000000000000
0000000000000000000000000000000010000000000000000000000000000000000000000000000000000000000000000000000000000000100000000000000000000000000000000000000000000000000000000000000000000000000
0000000000000000000000000000000000000000000000000000000000000000000000000000000000000000000000000000000000000000000000000000000000000000000000000000000000000000000000000000000000000000000
0000000000000000000000000000000000001100000000000000000000000000000000000000000000000000000000000000000000000000010000000000000000000000000000000000000000000000000000000000000011000000000
0000000000000000000000000000000000000000000000000000000000000000000000000000000000000000011110000000000000000000000000000000000000000000000000000000000000000000000000000000000011000000000
0000000000000000000000000000000000000000000000000000000000000000000000000000110000000000110000000000000000000000000000000000000000000000000000000000111000000000000000000000000011000000000
0000000000000000000000000000000000000000000000000000000000000000000000000000000000000001111000000000000001110000000000000000001110110000000000000001100000000000000000000000010011000000000
0000000000000000110000000000000000011100011100000000000000000011100000001100000000000001110000000000000000000000010000000000011000000000000000000011100110000000000000000000110011000000000
0000000000000000000000000000000011110000000000000000000000000000000000011100000000000101110011100000001100000000000000000000111000000000000000000111100000000000000000000001110011000000000
0000000000000000000000000000011111000000000000000000000000000000000000111100000000001101110000000000001100000000000000000001111000000000000000001111100011100000000000000011110011000000000
0000000000000000000000000011111100000000000000000000000000000000000001111100000000000001110000000000001100000000000000000011111000111110000000011111100000000000000000000111110011000000000
1111111111111111111100111111111000000110011111111111111110011111111111111100011111111111111110001111111111111111111111111111111000000011011111111111100000011111111100011111110011111111111
1111111111111111111100111111111000000110011111111111111110011111111111111100011111111111111110001111111111111111111111111111111000000011011111111111100000011111111100011111110011111111111
