0000000000000000000000000000000000000000000000000000000000000000000000000000000000000000000000000000000000000000000000000000000000000000000000000000000000000000000000000000000000000000000000000000000000000000000000000
0000000000000000000000000000000000000000000000000000000000000000000000000000000000000000000000000000000000000000000000000000000000000000000000000000000000000000000000000000000000000000000000000000000000000000000000000
0000000000000000000000000000000000000000000000000000000000000000000000000000000000000000000000000000000000000000000000000000000000000000000000000000000000000000000000000000000000000000000000000000000000000000000000000
0000000000000000000000000000000000000000000000000000000000000000000000000000000000000000000000000000000000000000000000001000000000000000000000000000000000000000000000000000000000000000000000000000000000000010000000000
0000000000000000000000011110000000000000000000000000000000000000000011111000001111100000000000000000000000000000000010001111111110000000000001100011000000000000011100000000000000000000000000000000000000000011000000000
0000000000000000000000000000000011000000000000000000000000000000000000000000000000000000000000000000000000000001100000000000000000000000000000000000000000000000000000011000000000000000000000000000000000000111000000000
0000000000000000000000000000000011000000000000000000000000000011000000000000000000000001100000000000000000000001100000000000000000000000000000000000000000000000000000011000000000000000000000000000000000001111000000000
0000000000000000000000000000000011000000000000000000000011000011000000000000000000000001100000000000000000000001100000000000000000000000001100000000000000000000000000011000000000000000000000000000000000011111000000000
0000000000111000000110001000110000000000000000110001100011000011000000000000000000100001100000000000001100000011100000000000000000000000000000001110000000001000111000011000001100000001100000000000000001111111000000000
0000000000000000000110000000110000000000000000110000000011000000000000000000000011000001100000110000001100000000000000000000000000000000000000000000000101101000000000000000001100000111100001100000000001111111000000000
0000000000000000000110000000110000011110000000110000000011000000000110000011000011001101100000110000001101100000000110000000000000011001100000000000001101101100000000000000001100011111100001100000000011111111000000000
0000000000000000000110000010110000011110000100110000001011000000000110000011000011001101100010110000001101100000000110000000000000011001100000000000011101101100000100000110001100011111100001100000000111111111000000000
1111111111111111111111111111111111111111111111111111111111111111111111111111111111111111111111111111111111111111111111111110000001111111111110101111111101111111111111111111111111111111111111111111111111111111111111111
1111111111111111111111111111111111111111111111111111111111111111111111111111111111111111111111111111111111111111111111111110000001111111111110101111111101111111111111111111111111111111111111111111111111111111111111111
