00000000000000000000000000000000000000000000000000000000000000000000000000000000000000000000000000000000000000000000000000000000000000000000000000000000000000000000000000000000000000000000000000000000000000000000000000000000000000000000000000000000000000000000000000000000000000000000000000000000000000000000000000000000000000000000000000000000000000000000000000000000000000000
00000000000000000000000000000000000000000000000000000000000000000000000000000000000000000000000000000000000000000000000000000000000000000000000000000000000000000000000000000000000000000000000000000000000000000000000000000000000000000000000000000000000000000000000000000000000000000000000000000000000000000000000000000000000000000000000000000000000000000000000000000000000000000
00000000000000000000000000000000000000000000000000000000000000000000000000000000000000000000000000000000000000000000000000000000000000000000000000000000000000000000000000000000000000000000000000000000000000000000000000000000000000000000000000000000000000000000000000000000000000000000000000000000000000000000000000000000000000000000000000000000000000000000000000000000000000000
00000000000000000000000000000000000000000000000000000000000000000000000000000000000000000000000000000000000001100000000000000000000000000000000000000000000000000000000000000000000000000000000000000000000000000000000000000000000000000000000000000000000000000000000000000000000000000000000000000000000000000000000000000000000000000000000000000000000000000000000000000000000000000
00000000000000000000000000000000000000000000000000000000000000000000000000000000000000000000000000000000000000000000000000000000000000000000000000000000001111111100000000000000000000000000000000000000000000000000000000000000000000000000000000000000000000000000000000000000000000000000000000000000000000000000000000000000000000000000000000000000000000000000000000000011000000000
00000000000000000000000000000000000000000000000000000000000000000000000000000000000000000000000000000000000000000000000000000000000000000000000000000000000000000000000000000000000000000000000000000000000000000000000000000000000000000000000000000000000000000000000000000000000000000000000000000000000000000000000000000000000000000000000000000000000000000000000000000011000000000
00000000000000000000000000000000000000000000000000000000000000000000000000000000000000000000000000000000000000000000000000000000000000000000000000000000000000000000000000000000000000000000000000000000000000000000000000000000000000000000000000000000000000000000000000000000000000001000000000000000000000000000000000000000000000000000000000000000000000000000000000001011000000000
00000000000000000000000000000000000000000000000000000000000000001000000000000000100000000100000000100000000000000000000000000000000000000000000000000000000000000000000000000000000000001111111100000000000000000000000000000001100000000000000000000011000000000000000000000000000000011001100000010000100000000000000000001100011000000000000000000000000000000000000000001011000000000
00000000000000000000000000000000000110000000000000000000000000000000000000001100000000000000001100000000110000000000000000000000000000000000000000000000010000100001000000000000000000000000000000000000000000000000000000000000000000000000000000110011000000000000000000000000000000111000000000000000000000000000000000000000000000000000000000000000000000000000000000101011000000000
00000000000000000000000000000000000110000000000000000000000000000000000000001100001100000000001100000000110000000000000000000000000000000000110000000000010000000001000000000000000000000000000000000000000000000000000000000000000000000000001100110011000000000000000000000000000001111000000000000000000000000000000000000000000000000000000000000000110000000000000000101011000000000
00000000000000000000000000000000000110000000000000000000000000000000000000001100001100000000001100000000110000000001100000000000000000000000110000000000010000000001000000000000000000000000000000000000000000000010000000000000000000000000001100110011000000000000000000000000000011111000000000000000000000010001000000000000000000000000000000000000110000000001100010101011000000000
00000000000000000010000111000011100110000001100000000000000001000000011100001100011100000000001100000000110011100001100100001110001110000000110000001110010000000101000000001000010000000000000000000000000000011010000000000000000000001110001100110011000000100111000011100000110111111001000000000000000000010101000000000000000000000000100000011100110000000001100010101011000000000
11111111111111111111111111111111111111111111110101101101101111111111111111111111111111111111111111111111111111111111111111111111111111111111111111111111111111111111111110101101011011111111111111111010101111111111111111111000000111111111101100110011111111111111111111111111111111111111111111000110001111111111111111000001000011111111111111111111111111111111111010101011111111111
11111111111111111111111111111111111111111111110101101101101111111111111111111111111111111111111111111111111111111111111111111111111111111111111111111111111111111111111110101101011011111111111111111010101111111111111111111000000111111111101100110011111111111111111111111111111111111111111111000110001111111111111111000001000011111111111111111111111111111111111010101011111111111
