0000000000000000000000000000000000000000000000000000000000000000000000000000000000000000000000000000000000000000000000000000000000000000000000000000000000000000000000000000000000000000000
1000001111111111111111111111111111111111111111111111111110000000000111111111111111111111111111111111111111111111000000011110111000001111111111111111111111100000111111111111111111111111111
1000000000000000000011111111111111111111111111110000000000000000000000000000000000000000000000000000000000000000000000000000000000000000000000000000000000000000111111111111111100000000000
1000000000000000000011111111111111111111111111110000000000000000000000000000000000000000000000000000000000000000000000000000000000000000000000000000000000000000111111111111111100000000000
1000000000000000000011111111111111111111111111110011000000011100111000000000000000000000000000000000000000000000000111011100000000000000000000000000000000001110111111111111111100000000000
1000000000000000000000000000000000000000000000000000000000000000000000000000001100000000000000000000000000000000000000000000000000000000000000000000000000000000100000000000000000001100000
1000000000000000000000000000000000000000000000000000000000000000100000000000001100000000000000000000000000000000000000000000000000000000000000000000000000000000100000000000000000001100000
1000000000000000000000000000000000000000000111000000000000000001010000000000001100000001000000000000000000000000000000000000000000000000000000000000000000000000001111111111000000001100000
1000000000000000000000111111101111111111111111110011001110000000001000000000111111000000000000000000000000011000000000011110111000000000000000110000000000100000011111111111000010001100000
1000000000000000000000111110001111111111111111110000000000000000000000001100001100001100011000000000000010011001100000000000000000000000001100110000000000100000000000000000000110001100000
1000000000000000000000111110001111111111111111110000000000000000000000001100001100001100011000000000000110011001100000000000000000011000001100110000000001100000000000000000001110001100000
1000000000000000000000000001111111111111111111110000000000000000000000001100011100011100111000000000110110011001100111000000000000011000011100110000000011101110000000001100011110011100000
1111111111100110010001111111111111111111111111111111111110000001111111111111111111111111111111111111111110011001100000011111111111111111111111110011111111100000111111111111111111111110011
1111111111100110010001111111111111111111111111111111111110000001111111111111111111111111111111111111111110011001100000011111111111111111111111110011111111100000111111111111111111111110011
