0000000000000000000000000000000000000000000000000000000000000000000000000000000000000000000000000000000000000000000000000000000000000000000000000000000000000000000000000000000000000000000000000000000000000000000000000000000000
0000000000000000000000000000000000000000000000000000000000000000000000000000000000000000000000000000000000000000000000000000000000000000000000000000000000000000000000000000000000000000000000000000000000000000000000000000000000
0000000000000000000000000000001000000000000000000000000000000000000000000000000000000000000000000000000000000000100000000000000000000000000000000000000000000000000000000000000000000000000000000100000000000000000000000000000000
0000000000000000000000000000000000000000000000000000000000000000000000000000000000000000000000000000000000000000000000000000000000000000000000000000000000000000000000000000000000000000000000000000000000000000000000000000000000
0000000000000000000000000100000000000000000000000000000000000000101000000000000000000000000010000000000000000000000000000000000000000000000000000000111100000000000000000000000000000000000000000000000000000000000000011000000000
0000000000000000000000000000000000000000000000000000000000000000000000000000000000000000000000000000000001111000000000011110000000000001111000000000000000000000000000000000000000000000000000000000000000000000000000111000000000
0000000000000000000000000000000000000000000000000000000000000000000000000000000000000000000000000000000000000000000000000000000000000000000000000000000000000000000000000000000000000000000000000000000000000000000001111000000000
0000000000000000000000000000000000000000001100000000000000000000000000000000000000000000000000000000000000000000000000000000000000000000000000000000000000000000000000000000000000000000000000000000000000000000000011111000000000
0000000000000000000000000100000000000000010010000000000000000000101000000000000000000000001111000000000000000000000011000000000000001100000000000011111111000000000000000000000000000000000000000000000000000000000111111000100000
0000000000000000000001100000000000000000000000000000000000000000000000000000000000000000000000000000000100000000000011000000000000001100000000000000000000000000000000000000000000000000000001000000000000000000001111111000000000
0000000000000000000001100000000000000000000000000000000000000000000000000000000000000000000000000000000100000000000011000000000000001100000000000000000000000000011000000000000000000000000001000000000000000000011111111000000000
0000000000000000000001100000000000000000000000000000000000000000000000000000000000000000000000000000000100000000000011000000000000001100000000000000000000000000011000000000000000000000000001000000000000000000111111111000000000
1111111111111111111111111111111100111111111111111111111111111111111111111111110000111111111111111111111111111111111111111111111111111111111111111111100111111111111111111111110001110011111111001111111111111111111111111111111111
1111111111111111111111111111111100111111111111111111111111111111111111111111110000111111111111111111111111111111111111111111111111111111111111111111100111111111111111111111110001110011111111001111111111111111111111111111111111
