0000000000000000000000000000000000000000000000000000000000000000000000000000000000000000000000000000000000000000000000000000000000000000000000000000000000000000000000000000000000000000000000000000000000000000000000000000000000
0000000000000000000000000000000000000000000000000000000000000000000000000000000000000000000000000000000000000000000000000000000000000000000000000000000000000000000000000000000000000000000000000000000000000000000000000000000000
0000000000000000000000000000000000000000000000000000000000000000000000000000000000000000000000000000000000000000000000000000000000000000000000000000000000000000000000000000000000000000000000000000000000000000000000000000000000
0000000000000000000000000000000000000000000000000000000000000000000000000110000000000000000000000000000000000000000000000000000000000000000000000000000000000000000000000000000000000000000000000000000000000000000000000000000000
0000000000000000000000000000000000001111000000000000000101010000000000001001000000000000000000000111001000001110000000000000000000000111111000000000000000000000000000000000000000000000000000000000000000000000000000011000000000
0000000000000000000000000000000000000000000000000000000010100000000000000000000000000000000000000000000000000000000000000000000000000000000000000000000000000000000000000000011111100000000000000000000000000000000000111000000000
0000000000000000000000000000000000000000000000000000000000000000000000000000000000000000000000000000000000000000000000000000000000000000000010000000000000000000000000000000000000000000000000000000000000000000000001111000000000
0000000000000000000000000000000000000000000000000000000000000000000000000000000000000000000000000000000000000000000000000000000000000000000000000000011110000000000000000000000000000000000000000000000000000000000011111000000000
0000000000000000000000000000000000000001000000000000100000000000000000000000000100000000000000010001111111000000000000000000000000000000000000000000000000000000000000000000000000000000000000000000000000000000000111111000000000
0000000000001111111111111111111111111111111111111111111111111111000011111111111100001111111111110001000001000000000000000011100111111111111111110000000000001001111111111001100110011001111111111110000000000000001111111000000000
0000000000011110000000000000000100000000000000010000000000000001000010000000000100001000000000010001000001000000000000000000000100000000000000010000000000000001000000001000000000000001000000000111000000000000011111111000000000
0000000000111110000000000000000100000000000000010000000000000001000010000000000100001000000000010001000001000000000000010000000100000000000000010011111111110001000000001000000000000001000000000111100000000000111111111000000000
1111111011111111000000000000000100000000000000010000000000000001000010000000000100001000000000010001000001000000111111110000000100000000000000010010000000010001000000001000000000000001000000001111111111111001111111111111111111
1111111000000000000000000000000100000000000000010000000000000001000010000000000100001000000000010001000001000000000000000000000100000000000000010010000000010001000000001000000000000001000000000000000000000001111111111111111111
