11111111111111111011
000000000000000000000000000000000000000000000000000000000000000000000000000000000000000000000000000000000000000000000000000000000000000000000000000000000000000000000000000000000000000000000000000000000
000000000000000000000000000000000000000000000000000000000000000000000000000000000000000000000000000000000000000000000000000000000000000000000000000000000000000000000000000000000000000000000000000000000
000000000000000000000000000000000000000000000000000000000000000000000000000000000000000000000000000000000000000000000000000000000000000000000000000000000000000000000000000000000000000000000011000000000
000000000000000000000000000000000000000000000000000000000000000000000000000000000000000000000000000000000000000000000000000000000000000000000000000000000000000000000000000000000000000000000011000000000
000000000000000000000000000001110000000000000000000001111100000000000111100000000111110000001111000000000000000000000000000001111000000000000000000000000000000000001111100100000000000000100011000000000
000000000000000000000000100000000000000000000000000000000000000000000000000000000000000000000000000000000000000000000000000000000000000000000000000000000000000000000000000000000000000000000011000000000
000000000000000000000000000000000000000000000000000000000000000000000000000000000000000000000000000000000000000000000000000000000000000000000000000000000000000000000000000000000000000000000011000000000
000000000000000000000000100000000000000000000000000000000000000000000000000000000000000000000000000000010000000000000000000000000011000000000000000000000000000000000000000000000000000000000011000000000
000000000000000111000001100000000010000000000011000001111100000000001000001100011110011100000000000000011000000000000000001100000011000000000000000000000000000001000000001000000000000001100011000000000
000000000000000000000011100000000010000000000011000000000000000000000000001100000000000000000000000000011000000000001000001100110011000000000000000000000010000000000000000000001100000000000011000000000
000000000000000000000111100000000011000000000011000000000000000000000000001100000000000000000000000000011000000000011000001100110011000000000000000000000010000000000000000000001100000000000011000000000
0000000000000000000011111000000011110000000110110000000000001100001011100011000000000000111000000000000110000000000110001011001100110000010000000000000100100000001100000101000011000000010010110000000001
111111111111111111111111111111111111111111111111111111111111111111111111111111111111111111110000111111111100011111111111111111111111111111100011111111110011111111111111111111111111111111111111111111111
111111111111111111111111111111111111111111111111111111111111111111111111111111111111111111110000111111111100011111111111111111111111111111100011111111110011111111111111111111111111111111111111111111111
