00000000000000000000000000000000000000000000000000000000000000000000000000000000000000000000000000000000000000000000000000000000000000000000000000000000
00000000000000000000000000000000000000000000000000000000110000000000000000000000000000000000000000000000000000000000000000000000000000000000000000000000
00000000000000000000000000000000000000000000000001000001111000000000000000000010000000000000000000000000000000000000000000000000000000000000000000000000
00000000000000000000000000000011100000000000000000000000000000000000000000000111000000000000000000000000011000000000000000000000000000000000000000000000
00000000000000000000000000000000000000000000000000000000000000000000000000000000010000001010000011100000111100000010000000000000000000001110000000000000
00000000000000000000000000010000000001000011100000001000000011100010001000100000011100000000000000000000000001000000000000000000000011100000000000000000
00000000000000000000001111110000000000000000000111111000000000000111011101110000000000001110000000000000000011100000000000000000000000000000000000000000
00000000000000000000000000000000011100000000000000000000000000000000000000000000000000000000000000000000000000000000000000000000000000000000111000000000
00000000000000000000000000000000000000000001111000001110000000000000000000000000000000000000001111110000000000000000000000001010000000000000000000000000
00000000000000000011111000000000000000000000000000000010000000000000000000000000000000000000000000000000000010000000000111111111111000000000000000000000
00000000000000000000000000000000000000000000001111111111000000000000000000000000000011110000000000000001110111110000000000000000000000000000000000000000
00000000000000000000000000000001100011111110000000000000000000000000000001000000000000000000000000000000000000000000000000000000000000000000000000000000
11111111111111110000000000000011100000000000000000000000000000000111111111111111100000000000000000000000000000000000111000000000000000000000000011111111
11111111111111110000000000000000000000000000000000000000000000000000000000000000000000000000000000000000000000000000000000000000000000000000000011111111
