000000000000000000000000000000000000000000000000000000000000000000000000000000000000000000000000000000000000000000000000000000000000000000000000000000000000000000000000
000000000000000000000000000011000000000000000000000000000000000000000000000000000000011100000000000000000000000000000000000000000000000000000000000000000000000000000000
000000000000000000000000000000000000000000000000000000010000000000000000000000000000011100000000000000000000000000000000000000000000000000000000000000000011000000000000
000000000000000000000000000000000000000000001111111000000000000000000000000000000000000000000000000000000000000000000000000000000000000000000000000000000000000000000000
000000000000000000000000000000000000000000001100000000000000000000000001111000011000000000000000000000000000000000000000011000001100111000000000000000000000111000000000
000000000000000000000000000000000000000000000000000000011000000000000000000000000000000000000000000000000000000000000000000000011000000000000000011000000000000000000000
000000000000000000000000000000000000000000000000110000000000000000000000000000000000000000000000000000000000000000000000000000000000000000000110011000000110000000000000
000000000000000000000000000000000000000000000000000000000000000000000000000000000000000000111000000011110000000000000000000000000000000000000000000001100000000000000000
000000000000000000000111000000011110000000000000000000000000000001111100000110000011000000000000000000000001111100000000000000000011000111100000000000000000000000000000
000000000000000000000000000000000000000000000000000000000000000000000000000000000000011111000000000000000000000000000000000000000000000000000000000000000000000000000000
000000000000000000000000000000000000001000000000011110000000000000000000000000000000000000000000000000000000000000001000000000000000000000000000000000000000000000000000
000000000000000000000000000000000000000000000000000000000000110000000000000000000000000000000000000000000000000000000000000000000000000000000000000000000000000000000000
111111111111111100111000111011000000011100011100000000000000000000000000000000000000000000000111011110011100000001111100000111000000111100000000000000000000000011111111
111111111111111100000000000000000000000000000000000000000000000000000000000000000000000000000000000000000000000000000000000000000000000000000000000000000000000011111111
