0000000000000000000000000000000000000000000000000000000000000000000000000000000000000000000000000000000000000000000000000000000000000000000000000000
0000000000000000000000000000000000000000000100000000000000000000000000111000000000000000000000000000000000000000000000000000000000000000000000000000
0000000000000000000000000000000000001000000000000000000001000000000000111000000000000000000000000000000000000000000000000000000000000000000000000000
0000000000000000000011100000000011100000000000000000000000000011100000000000001000000000000000000000000010000000000000000000000000000000000000000000
0000000000000000000111110000000000000001111100001110000000000000000000000011111011100000000111000000001110000000000000000000000000000000111000000000
0000000000000000000000000000000000000000000000000000000000111000000111000000000000000000000000000000000000000000000001110000000000000000000000000000
0000000000000000000000000000100000000000000000001000000000000000000111000000000000000000000000001000000000000000000000000000000000000000000000000000
0000000000000000000000001111110000000000000000000001110111000000000000000100000000000000000000000000000000000000011111000000000000000000000000000000
0000000000000000000000011111110000000000000011100000000000000000000000001110000000001110111000001110000000001110011111000000000000000000000000000000
0000000000000000000000000000000000000001000000000000000000000000000000000000000000000000000000000000000001110000000000000000000000111110000000000000
0000000000000000000000000000000000000011100000000000000000000000000000000000000000000000000000000001110000000000000000000000000000000000000000000000
0000000000000000000000000000000000001111111000000000000000000000000100000000000000000000000000000000000000000000000000000000000000000000000000000000
1111111111111110111110000000000000000000000000000000000000000000111110000000000000000000000000000000000000000000000000000111111100000000000001111111
1111111111111110000000000000000000000000000000000000000000000000000000000000000000000000000000000000000000000000000000000000000000000000000001111111
