00000000000000000000000000000000000000000000000000000000000000000000000000000000000000000000000000000000000000000000000000000000000000000000000000000000000000000000000000000000000000000000000000000000000000
00000000000000000000000000000000000000000000000000000000000000000000000000000000000000000000000000000000000000000000000000000000000000000000000000000000000000000000000000000000000000000000000000000000000000
00000000000000000000000000000000000000000000000000000000000000000000000000000000000000000000000000000000000000000000000000000000000000000000000000000000000000000000000000000000000000000000000000000000000000
00000000000000000000000000000000000000000000000000000000000000000000000000000000000000000000000000000000000000000000000000000000000000000000000000000000000000000000000000000000000000000000000000000000000000
00000000000000000000000000000000000000000000000000000000000000000000000000000000000000000011100000000000000000000000000000000000000000000000000000000000000000000000000000000000000000000000011000000000000000
00000000000000000000000000000000000000000000000000000000000000000000000000000000000000000000000000000000000000000000000000000000000000000000000000000000000000000000000000000000000000000000011000000000000000
00000000000000000000000000000000000000000000000000000000000000000000000000000000000000000000000000000000000000000000000000000000000000000000000000000000000011000000000000000000000000000000011000000000000000
00000000000000000000000000000000000000000000000000000000000000000000000000000000000000000000000000000000000000000000000000000000000000000000000000000000000011000000000000000000000000100010011000000000000000
00000000000000000000000000000000000000000000000000000000000000000000000000000000000000000111110000000000000000000000000000000000000000000000000000011110000011000000000000000000000000000110011000000000000000
00000000000000000000000000000000000000000000110000011000000000000000000000000000000000000100000000000000000000000000100000000000000000000000000000010000000000000000000000000000000000001110011000000000000000
00000000000000000000000000000000000000000000110000011000000000000000000000000000000000000100000000000000000000010000100000000000000000000000000000010000000000010001100000100000000000011110000000000000000000
00000000000000001001110000000011100000000110110000011000000001000111000000001110000000010100000000000001110000000000100001110001000000011100000011010000000000000001100000000000001000111110000000000000000000
11111111111111111111111111111111111111111111111110011111111111111111111111111111111111111111000011111111111111111100111111111111111111111111111111111111000111111111111111111111111111111111111111111111111111
11111111111111111111111111111111111111111111111110011111111111111111111111111111111111111111000011111111111111111100111111111111111111111111111111111111000111111111111111111111111111111111111111111111111111
