0000000000000000000000000000000000000000000000000000000000000000000000000000000000000000000000000000000000000000000000000000000000000000000000000000000000000000000000000000000000000000000000000000000
0000000000000000000000000000000000000000000000000000000000000000000000000000000000000000000000000000000000000000000000000000000000000000000000000000000000000000000000000000000000000000000000000000000
0000000000000000000000000000000000000000000000000000000000000000000000000000000000000000000000000000000000000000000000000000000000000000000000000000000000000000000000000000000000000000000000000000000
0000000000000000000000000000000000000000000000000000000000000000000000000000000010100000000000000000000000000000000000000000000000000000000000000000000000000000000000000000000000000000000000000000000
0000000000000000000000100000000000000000000000000000000000000000000000000000000011111111000111100000000000000100000000000111000011110000000000000000000000000000000000000000000000000000000010000000000
0000000000000000000000000000000000000000000000000000000000000000000000000000000000000000000000000000000000000000000000000000000000000000000000000000000000000000000000000000000000000000000110000000000
0000000000000000000000000000000000000000000000000000000000000000000000000000000000000000000000000000000000000000000000000000000000000000000000000000000000000000000000000000000000000000001110000000000
0000000000000000000000000000000000000000000000000000000000000000000000000000000000000000000000000000000000000000000000000000000000000000000000000000000000000000000000000000000000000000011110000000000
0000000000000000100011111000000000000000000000110000000001100000000000000000011100000000000000100000110000100100100010000000000001100000010010000000000110010000000000011110000000000000111110000000000
0000000000000000000000000000000000000110000000110000000001100000000000000000000000000000000000000000000000000000000000000000000000000000110011000000001110011000000000000000000000000001111110000000000
0000000000000000000000000000110000000110000000110000000001100000000000000000000000000000000000000000000000000000000000000000000000000001110011100000011110011100000110000000000000011011111110000000000
0000000000000000000000100000110000000111000000110001100001100000000000000000000000000000000000000110000000010000001100000000110011000011110011110000111110011110000110000000001100011111111110000000000
1111111111111111111111111111111111111111111111111111111111111111111110011111111111111100011111111111111111111111111111111111111111111111111111111111111110011111111111111111111111111111111111111111111
1111111111111111111111111111111111111111111111111111111111111111111110011111111111111100011111111111111111111111111111111111111111111111111111111111111110011111111111111111111111111111111111111111111
